FINITE DIFFERENCE METHOD FOR THE WAVE EQUATION

  I    X(I)     W(X(I),  1  0.00000000               0.00000000     0.00000000     0.00000000
  2  0.15707963               0.13919083     0.13728416     0.00190667
  3  0.31415927               0.27495432     0.27118793     0.00376639
  4  0.47123890               0.40394752     0.39841415     0.00553337
  5  0.62831853               0.52299419     0.51583009     0.00716410
  6  0.78539816               0.62916301     0.62054458     0.00861843
  7  0.94247780               0.71983975     0.70997921     0.00986054
  8  1.09955743               0.79279164     0.78193179     0.01085986
  9  1.25663706               0.84622238     0.83463061     0.01159176
 10  1.41371669               0.87881631     0.86677806     0.01203824
 11  1.57079633               0.88977086     0.87758256     0.01218830
 12  1.72787596               0.87881631     0.86677806     0.01203824
 13  1.88495559               0.84622238     0.83463061     0.01159176
 14  2.04203522               0.79279164     0.78193179     0.01085986
 15  2.19911486               0.71983975     0.70997921     0.00986054
 16  2.35619449               0.62916301     0.62054458     0.00861843
 17  2.51327412               0.52299419     0.51583009     0.00716410
 18  2.67035376               0.40394752     0.39841415     0.00553337
 19  2.82743339               0.27495432     0.27118793     0.00376639
 20  2.98451302               0.13919083     0.13728416     0.00190667
 21  3.14159265               0.00000000     0.00000000     0.00000000
  1  0.00000000               0.00000000     0.00000000     0.00000000
  2  0.15707963               0.13919083     0.13728416     0.00190667
  3  0.31415927               0.27495432     0.27118793     0.00376639
  4  0.47123890               0.40394752     0.39841415     0.00553337
  5  0.62831853               0.52299419     0.51583009     0.00716410
  6  0.78539816               0.62916301     0.62054458     0.00861843
  7  0.94247780               0.71983975     0.70997921     0.00986054
  8  1.09955743               0.79279164     0.78193179     0.01085986
  9  1.25663706               0.84622238     0.83463061     0.01159176
 10  1.41371669               0.87881631     0.86677806     0.01203824
 11  1.57079633               0.88977086     0.87758256     0.01218830
 12  1.72787596               0.87881631     0.86677806     0.01203824
 13  1.88495559               0.84622238     0.83463061     0.01159176
 14  2.04203522               0.79279164     0.78193179     0.01085986
 15  2.19911486               0.71983975     0.70997921     0.00986054
 16  2.35619449               0.62916301     0.62054458     0.00861843
 17  2.51327412               0.52299419     0.51583009     0.00716410
 18  2.67035376               0.40394752     0.39841415     0.00553337
 19  2.82743339               0.27495432     0.27118793     0.00376639
 20  2.98451302               0.13919083     0.13728416     0.00190667
 21  3.14159265               0.00000000     0.00000000     0.00000000
  1  0.00000000               0.00000000     0.00000000     0.00000000
  2  0.15707963               0.13919083     0.13728416     0.00190667
  3  0.31415927               0.27495432     0.27118793     0.00376639
  4  0.47123890               0.40394752     0.39841415     0.00553337
  5  0.62831853               0.52299419     0.51583009     0.00716410
  6  0.78539816               0.62916301     0.62054458     0.00861843
  7  0.94247780               0.71983975     0.70997921     0.00986054
  8  1.09955743               0.79279164     0.78193179     0.01085986
  9  1.25663706               0.84622238     0.83463061     0.01159176
 10  1.41371669               0.87881631     0.86677806     0.01203824
 11  1.57079633               0.88977086     0.87758256     0.01218830
 12  1.72787596               0.87881631     0.86677806     0.01203824
 13  1.88495559               0.84622238     0.83463061     0.01159176
 14  2.04203522               0.79279164     0.78193179     0.01085986
 15  2.19911486               0.71983975     0.70997921     0.00986054
 16  2.35619449               0.62916301     0.62054458     0.00861843
 17  2.51327412               0.52299419     0.51583009     0.00716410
 18  2.67035376               0.40394752     0.39841415     0.00553337
 19  2.82743339               0.27495432     0.27118793     0.00376639
 20  2.98451302               0.13919083     0.13728416     0.00190667
 21  3.14159265               0.00000000     0.00000000     0.00000000
  1  0.00000000               0.00000000     0.00000000     0.00000000
  2  0.15707963               0.13919083     0.13728416     0.00190667
  3  0.31415927               0.27495432     0.27118793     0.00376639
  4  0.47123890               0.40394752     0.39841415     0.00553337
  5  0.62831853               0.52299419     0.51583009     0.00716410
  6  0.78539816               0.62916301     0.62054458     0.00861843
  7  0.94247780               0.71983975     0.70997921     0.00986054
  8  1.09955743               0.79279164     0.78193179     0.01085986
  9  1.25663706               0.84622238     0.83463061     0.01159176
 10  1.41371669               0.87881631     0.86677806     0.01203824
 11  1.57079633               0.88977086     0.87758256     0.01218830
 12  1.72787596               0.87881631     0.86677806     0.01203824
 13  1.88495559               0.84622238     0.83463061     0.01159176
 14  2.04203522               0.79279164     0.78193179     0.01085986
 15  2.19911486               0.71983975     0.70997921     0.00986054
 16  2.35619449               0.62916301     0.62054458     0.00861843
 17  2.51327412               0.52299419     0.51583009     0.00716410
 18  2.67035376               0.40394752     0.39841415     0.00553337
 19  2.82743339               0.27495432     0.27118793     0.00376639
 20  2.98451302               0.13919083     0.13728416     0.00190667
 21  3.14159265               0.00000000     0.00000000     0.00000000
  1  0.00000000               0.00000000     0.00000000     0.00000000
  2  0.15707963               0.13919083     0.13728416     0.00190667
  3  0.31415927               0.27495432     0.27118793     0.00376639
  4  0.47123890               0.40394752     0.39841415     0.00553337
  5  0.62831853               0.52299419     0.51583009     0.00716410
  6  0.78539816               0.62916301     0.62054458     0.00861843
  7  0.94247780               0.71983975     0.70997921     0.00986054
  8  1.09955743               0.79279164     0.78193179     0.01085986
  9  1.25663706               0.84622238     0.83463061     0.01159176
 10  1.41371669               0.87881631     0.86677806     0.01203824
 11  1.57079633               0.88977086     0.87758256     0.01218830
 12  1.72787596               0.87881631     0.86677806     0.01203824
 13  1.88495559               0.84622238     0.83463061     0.01159176
 14  2.04203522               0.79279164     0.78193179     0.01085986
 15  2.19911486               0.71983975     0.70997921     0.00986054
 16  2.35619449               0.62916301     0.62054458     0.00861843
 17  2.51327412               0.52299419     0.51583009     0.00716410
 18  2.67035376               0.40394752     0.39841415     0.00553337
 19  2.82743339               0.27495432     0.27118793     0.00376639
 20  2.98451302               0.13919083     0.13728416     0.00190667
 21  3.14159265               0.00000000     0.00000000     0.00000000
  1  0.00000000               0.00000000     0.00000000     0.00000000
  2  0.15707963               0.13919083     0.13728416     0.00190667
  3  0.31415927               0.27495432     0.27118793     0.00376639
  4  0.47123890               0.40394752     0.39841415     0.00553337
  5  0.62831853               0.52299419     0.51583009     0.00716410
  6  0.78539816               0.62916301     0.62054458     0.00861843
  7  0.94247780               0.71983975     0.70997921     0.00986054
  8  1.09955743               0.79279164     0.78193179     0.01085986
  9  1.25663706               0.84622238     0.83463061     0.01159176
 10  1.41371669               0.87881631     0.86677806     0.01203824
 11  1.57079633               0.88977086     0.87758256     0.01218830
 12  1.72787596               0.87881631     0.86677806     0.01203824
 13  1.88495559               0.84622238     0.83463061     0.01159176
 14  2.04203522               0.79279164     0.78193179     0.01085986
 15  2.19911486               0.71983975     0.70997921     0.00986054
 16  2.35619449               0.62916301     0.62054458     0.00861843
 17  2.51327412               0.52299419     0.51583009     0.00716410
 18  2.67035376               0.40394752     0.39841415     0.00553337
 19  2.82743339               0.27495432     0.27118793     0.00376639
 20  2.98451302               0.13919083     0.13728416     0.00190667
 21  3.14159265               0.00000000     0.00000000     0.00000000
  1  0.00000000               0.00000000     0.00000000     0.00000000
  2  0.15707963               0.13919083     0.13728416     0.00190667
  3  0.31415927               0.27495432     0.27118793     0.00376639
  4  0.47123890               0.40394752     0.39841415     0.00553337
  5  0.62831853               0.52299419     0.51583009     0.00716410
  6  0.78539816               0.62916301     0.62054458     0.00861843
  7  0.94247780               0.71983975     0.70997921     0.00986054
  8  1.09955743               0.79279164     0.78193179     0.01085986
  9  1.25663706               0.84622238     0.83463061     0.01159176
 10  1.41371669               0.87881631     0.86677806     0.01203824
 11  1.57079633               0.88977086     0.87758256     0.01218830
 12  1.72787596               0.87881631     0.86677806     0.01203824
 13  1.88495559               0.84622238     0.83463061     0.01159176
 14  2.04203522               0.79279164     0.78193179     0.01085986
 15  2.19911486               0.71983975     0.70997921     0.00986054
 16  2.35619449               0.62916301     0.62054458     0.00861843
 17  2.51327412               0.52299419     0.51583009     0.00716410
 18  2.67035376               0.40394752     0.39841415     0.00553337
 19  2.82743339               0.27495432     0.27118793     0.00376639
 20  2.98451302               0.13919083     0.13728416     0.00190667
 21  3.14159265               0.00000000     0.00000000     0.00000000
  1  0.00000000               0.00000000     0.00000000     0.00000000
  2  0.15707963               0.13919083     0.13728416     0.00190667
  3  0.31415927               0.27495432     0.27118793     0.00376639
  4  0.47123890               0.40394752     0.39841415     0.00553337
  5  0.62831853               0.52299419     0.51583009     0.00716410
  6  0.78539816               0.62916301     0.62054458     0.00861843
  7  0.94247780               0.71983975     0.70997921     0.00986054
  8  1.09955743               0.79279164     0.78193179     0.01085986
  9  1.25663706               0.84622238     0.83463061     0.01159176
 10  1.41371669               0.87881631     0.86677806     0.01203824
 11  1.57079633               0.88977086     0.87758256     0.01218830
 12  1.72787596               0.87881631     0.86677806     0.01203824
 13  1.88495559               0.84622238     0.83463061     0.01159176
 14  2.04203522               0.79279164     0.78193179     0.01085986
 15  2.19911486               0.71983975     0.70997921     0.00986054
 16  2.35619449               0.62916301     0.62054458     0.00861843
 17  2.51327412               0.52299419     0.51583009     0.00716410
 18  2.67035376               0.40394752     0.39841415     0.00553337
 19  2.82743339               0.27495432     0.27118793     0.00376639
 20  2.98451302               0.13919083     0.13728416     0.00190667
 21  3.14159265               0.00000000     0.00000000     0.00000000
  1  0.00000000               0.00000000     0.00000000     0.00000000
  2  0.15707963               0.13919083     0.13728416     0.00190667
  3  0.31415927               0.27495432     0.27118793     0.00376639
  4  0.47123890               0.40394752     0.39841415     0.00553337
  5  0.62831853               0.52299419     0.51583009     0.00716410
  6  0.78539816               0.62916301     0.62054458     0.00861843
  7  0.94247780               0.71983975     0.70997921     0.00986054
  8  1.09955743               0.79279164     0.78193179     0.01085986
  9  1.25663706               0.84622238     0.83463061     0.01159176
 10  1.41371669               0.87881631     0.86677806     0.01203824
 11  1.57079633               0.88977086     0.87758256     0.01218830
 12  1.72787596               0.87881631     0.86677806     0.01203824
 13  1.88495559               0.84622238     0.83463061     0.01159176
 14  2.04203522               0.79279164     0.78193179     0.01085986
 15  2.19911486               0.71983975     0.70997921     0.00986054
 16  2.35619449               0.62916301     0.62054458     0.00861843
 17  2.51327412               0.52299419     0.51583009     0.00716410
 18  2.67035376               0.40394752     0.39841415     0.00553337
 19  2.82743339               0.27495432     0.27118793     0.00376639
 20  2.98451302               0.13919083     0.13728416     0.00190667
 21  3.14159265               0.00000000     0.00000000     0.00000000
  1  0.00000000               0.00000000     0.00000000     0.00000000
  2  0.15707963               0.13919083     0.13728416     0.00190667
  3  0.31415927               0.27495432     0.27118793     0.00376639
  4  0.47123890               0.40394752     0.39841415     0.00553337
  5  0.62831853               0.52299419     0.51583009     0.00716410
  6  0.78539816               0.62916301     0.62054458     0.00861843
  7  0.94247780               0.71983975     0.70997921     0.00986054
  8  1.09955743               0.79279164     0.78193179     0.01085986
  9  1.25663706               0.84622238     0.83463061     0.01159176
 10  1.41371669               0.87881631     0.86677806     0.01203824
 11  1.57079633               0.88977086     0.87758256     0.01218830
 12  1.72787596               0.87881631     0.86677806     0.01203824
 13  1.88495559               0.84622238     0.83463061     0.01159176
 14  2.04203522               0.79279164     0.78193179     0.01085986
 15  2.19911486               0.71983975     0.70997921     0.00986054
 16  2.35619449               0.62916301     0.62054458     0.00861843
 17  2.51327412               0.52299419     0.51583009     0.00716410
 18  2.67035376               0.40394752     0.39841415     0.00553337
 19  2.82743339               0.27495432     0.27118793     0.00376639
 20  2.98451302               0.13919083     0.13728416     0.00190667
 21  3.14159265               0.00000000     0.00000000     0.00000000
  1  0.00000000               0.00000000     0.00000000     0.00000000
  2  0.15707963               0.13919083     0.13728416     0.00190667
  3  0.31415927               0.27495432     0.27118793     0.00376639
  4  0.47123890               0.40394752     0.39841415     0.00553337
  5  0.62831853               0.52299419     0.51583009     0.00716410
  6  0.78539816               0.62916301     0.62054458     0.00861843
  7  0.94247780               0.71983975     0.70997921     0.00986054
  8  1.09955743               0.79279164     0.78193179     0.01085986
  9  1.25663706               0.84622238     0.83463061     0.01159176
 10  1.41371669               0.87881631     0.86677806     0.01203824
 11  1.57079633               0.88977086     0.87758256     0.01218830
 12  1.72787596               0.87881631     0.86677806     0.01203824
 13  1.88495559               0.84622238     0.83463061     0.01159176
 14  2.04203522               0.79279164     0.78193179     0.01085986
 15  2.19911486               0.71983975     0.70997921     0.00986054
 16  2.35619449               0.62916301     0.62054458     0.00861843
 17  2.51327412               0.52299419     0.51583009     0.00716410
 18  2.67035376               0.40394752     0.39841415     0.00553337
 19  2.82743339               0.27495432     0.27118793     0.00376639
 20  2.98451302               0.13919083     0.13728416     0.00190667
 21  3.14159265               0.00000000     0.00000000     0.00000000
