POISSON EQUATION FINITE-DIFFERENCE METHOD

  
I  J    X(I)        Y(J)         W(I,J)          True         Error 


1  1  0.20000000  0.10000000    1.01937092    1.02020134    0.00083042
 
1  2  0.20000000  0.20000000    1.03915070    1.04081077    0.00166008
  
1  3  0.20000000  0.30000000    1.05943614    1.06183655    0.00240041
  
1  4  0.20000000  0.40000000    1.08032398    1.08328707    0.00296309
  
1  5  0.20000000  0.50000000    1.10190134    1.10517092    0.00326958
  
1  6  0.20000000  0.60000000    1.12423619    1.12749685    0.00326066
  
1  7  0.20000000  0.70000000    1.14736853    1.15027380    0.00290527
  
1  8  0.20000000  0.80000000    1.17130346    1.17351087    0.00220741
  
1  9  0.20000000  0.90000000    1.19600668    1.19721736    0.00121069
  
2  1  0.40000000  0.10000000    1.03930638    1.04081077    0.00150440
  
2  2  0.40000000  0.20000000    1.08027864    1.08328707    0.00300843
  
2  3  0.40000000  0.30000000    1.12314523    1.12749685    0.00435163
  
2  4  0.40000000  0.40000000    1.16813704    1.17351087    0.00537384
  
2  5  0.40000000  0.50000000    1.21547025    1.22140276    0.00593250
  
2  6  0.40000000  0.60000000    1.26532912    1.27124915    0.00592003
  
2  7  0.40000000  0.70000000    1.31785037    1.32312981    0.00527944
  
2  8  0.40000000  0.80000000    1.37311111    1.37712776    0.00401665
  
2  9  0.40000000  0.90000000    1.43112168    1.43332941    0.00220774
  
3  1  0.60000000  0.10000000    1.05986677    1.06183655    0.00196978
  
3  2  0.60000000  0.20000000    1.12355556    1.12749685    0.00394129
  
3  3  0.60000000  0.30000000    1.19151356    1.19721736    0.00570380
  
3  4  0.60000000  0.40000000    1.26420238    1.27124915    0.00704677
  
3  5  0.60000000  0.50000000    1.34207621    1.34985881    0.00778259
  
3  6  0.60000000  0.60000000    1.42556001    1.43332941    0.00776941
  
3  7  0.60000000  0.70000000    1.51502986    1.52196156    0.00693169
  
3  8  0.60000000  0.80000000    1.61079811    1.61607440    0.00527630
  
3  9  0.60000000  0.90000000    1.71310502    1.71600686    0.00290184
  
4  1  0.80000000  0.10000000    1.08109281    1.08328707    0.00219426
  
4  2  0.80000000  0.20000000    1.16911636    1.17351087    0.00439451
  
4  3  0.80000000  0.30000000    1.26488494    1.27124915    0.00636421
  
4  4  0.80000000  0.40000000    1.36926094    1.37712776    0.00786683
  
4  5  0.80000000  0.50000000    1.48313325    1.49182470    0.00869145
  
4  6  0.80000000  0.60000000    1.60739587    1.61607440    0.00867853
  
4  7  0.80000000  0.70000000    1.74292932    1.75067250    0.00774318
  
4  8  0.80000000  0.80000000    1.89058765    1.89648088    0.00589323
  
4  9  0.80000000  0.90000000    2.05119321    2.05443321    0.00324000
  
5  1  1.00000000  0.10000000    1.10300268    1.10517092    0.00216824
  
5  2  1.00000000  0.20000000    1.21705356    1.22140276    0.00434920
  
5  3  1.00000000  0.30000000    1.34355348    1.34985881    0.00630532
  
5  4  1.00000000  0.40000000    1.48402570    1.49182470    0.00779900
  
5  5  1.00000000  0.50000000    1.64010273    1.64872127    0.00861854
  
5  6  1.00000000  0.60000000    1.81351450    1.82211880    0.00860430
  
5  7  1.00000000  0.70000000    2.00608039    2.01375271    0.00767232
  
5  8  1.00000000  0.80000000    2.21970814    2.22554093    0.00583278
  
5  9  1.00000000  0.90000000    2.45640200    2.45960311    0.00320111
  
6  1  1.20000000  0.10000000    1.12558937    1.12749685    0.00190748
  
6  2  1.20000000  0.20000000    1.26741215    1.27124915    0.00383700
  
6  3  1.20000000  0.30000000    1.42775714    1.43332941    0.00557227
  
6  4  1.20000000  0.40000000    1.60917704    1.61607440    0.00689736
  
6  5  1.20000000  0.50000000    1.81449802    1.82211880    0.00762078
  
6  6  1.20000000  0.60000000    2.04683354    2.05443321    0.00759967
  
6  7  1.20000000  0.70000000    2.30960515    2.31636698    0.00676182
  
6  8  1.20000000  0.80000000    2.60657352    2.61169647    0.00512296
  
6  9  1.20000000  0.90000000    2.94188222    2.94467955    0.00279733
  
7  1  1.40000000  0.10000000    1.14881750    1.15027380    0.00145630
  
7  2  1.40000000  0.20000000    1.32018361    1.32312981    0.00294620
  
7  3  1.40000000  0.30000000    1.51766999    1.52196156    0.00429156
  
7  4  1.40000000  0.40000000    1.74535654    1.75067250    0.00531596
  
7  5  1.40000000  0.50000000    2.00788774    2.01375271    0.00586496
  
7  6  1.40000000  0.60000000    2.31054032    2.31636698    0.00582666
  
7  7  1.40000000  0.70000000    2.65930565    2.66445624    0.00515059
  
7  8  1.40000000  0.80000000    3.06099089    3.06485420    0.00386332
  
7  9  1.40000000  0.90000000    3.52334296    3.52542149    0.00207853
  
8  1  1.60000000  0.10000000    1.17261813    1.17351087    0.00089274
  
8  2  1.60000000  0.20000000    1.37529647    1.37712776    0.00183130
  
8  3  1.60000000  0.30000000    1.61338964    1.61607440    0.00268476
  
8  4  1.60000000  0.40000000    1.89315395    1.89648088    0.00332693
 
8  5  1.60000000  0.50000000    2.22189013    2.22554093    0.00365080
  
8  6  1.60000000  0.60000000    2.60811264    2.61169647    0.00358383
  
8  7  1.60000000  0.70000000    3.06175078    3.06485420    0.00310343
  
8  8  1.60000000  0.80000000    3.59438805    3.59663973    0.00225168
  
8  9  1.60000000  0.90000000    4.21954746    4.22069582    0.00114836
  
9  1  1.80000000  0.10000000    1.19687782    1.19721736    0.00033954
  
9  2  1.80000000  0.20000000    1.43259889    1.43332941    0.00073053
  
9  3  1.80000000  0.30000000    1.71491526    1.71600686    0.00109160
  
9  4  1.80000000  0.40000000    2.05308118    2.05443321    0.00135204
  
9  5  1.80000000  0.50000000    2.45814722    2.45960311    0.00145589
  
9  6  1.80000000  0.60000000    2.94330988    2.94467955    0.00136967
  
9  7  1.80000000  0.70000000    3.52432850    3.52542149    0.00109299
  
9  8  1.80000000  0.80000000    4.22002212    4.22069582    0.00067370
  
9  9  1.80000000  0.90000000    5.05285872    5.05309032    0.00023159

Convergence occurred on iteration number: 57
