
       Matrix w holding solution values:

         0         0         0         0         0         0         0         0         0         0         0
         0    0.0030    0.0058    0.0083    0.0103    0.0117    0.0122    0.0116    0.0097    0.0060         0
         0    0.0058    0.0113    0.0162    0.0201    0.0227    0.0237    0.0225    0.0187    0.0116         0
         0    0.0083    0.0162    0.0231    0.0286    0.0323    0.0336    0.0319    0.0264    0.0163         0
         0    0.0103    0.0201    0.0286    0.0354    0.0399    0.0413    0.0391    0.0323    0.0197         0
         0    0.0117    0.0227    0.0323    0.0399    0.0447    0.0462    0.0434    0.0357    0.0217         0
         0    0.0122    0.0237    0.0336    0.0413    0.0462    0.0474    0.0443    0.0361    0.0218         0
         0    0.0116    0.0225    0.0319    0.0391    0.0434    0.0443    0.0412    0.0333    0.0199         0
         0    0.0097    0.0187    0.0264    0.0323    0.0357    0.0361    0.0333    0.0267    0.0158         0
         0    0.0060    0.0116    0.0163    0.0197    0.0217    0.0218    0.0199    0.0158    0.0092         0
         0         0         0         0         0         0         0         0         0         0         0