FINITE DIFFERENCE METHOD FOR THE WAVE EQUATION

  I    X(I)     W(X(I),  1  0.00000000               0.00000000     0.00000000     0.00000000
  2  0.15707963               0.14105576     0.13728416     0.00377160
  3  0.31415927               0.27863826     0.27118793     0.00745033
  4  0.47123890               0.40935976     0.39841415     0.01094561
  5  0.62831853               0.53000146     0.51583009     0.01417137
  6  0.78539816               0.63759277     0.62054458     0.01704819
  7  0.94247780               0.72948443     0.70997921     0.01950522
  8  1.09955743               0.80341376     0.78193179     0.02148197
  9  1.25663706               0.85756038     0.83463061     0.02292976
 10  1.41371669               0.89059101     0.86677806     0.02381295
 11  1.57079633               0.90169234     0.87758256     0.02410978
 12  1.72787596               0.89059101     0.86677806     0.02381295
 13  1.88495559               0.85756038     0.83463061     0.02292976
 14  2.04203522               0.80341376     0.78193179     0.02148197
 15  2.19911486               0.72948443     0.70997921     0.01950522
 16  2.35619449               0.63759277     0.62054458     0.01704819
 17  2.51327412               0.53000146     0.51583009     0.01417137
 18  2.67035376               0.40935976     0.39841415     0.01094561
 19  2.82743339               0.27863826     0.27118793     0.00745033
 20  2.98451302               0.14105576     0.13728416     0.00377160
 21  3.14159265               0.00000000     0.00000000     0.00000000
  1  0.00000000               0.00000000     0.00000000     0.00000000
  2  0.15707963               0.14105576     0.13728416     0.00377160
  3  0.31415927               0.27863826     0.27118793     0.00745033
  4  0.47123890               0.40935976     0.39841415     0.01094561
  5  0.62831853               0.53000146     0.51583009     0.01417137
  6  0.78539816               0.63759277     0.62054458     0.01704819
  7  0.94247780               0.72948443     0.70997921     0.01950522
  8  1.09955743               0.80341376     0.78193179     0.02148197
  9  1.25663706               0.85756038     0.83463061     0.02292976
 10  1.41371669               0.89059101     0.86677806     0.02381295
 11  1.57079633               0.90169234     0.87758256     0.02410978
 12  1.72787596               0.89059101     0.86677806     0.02381295
 13  1.88495559               0.85756038     0.83463061     0.02292976
 14  2.04203522               0.80341376     0.78193179     0.02148197
 15  2.19911486               0.72948443     0.70997921     0.01950522
 16  2.35619449               0.63759277     0.62054458     0.01704819
 17  2.51327412               0.53000146     0.51583009     0.01417137
 18  2.67035376               0.40935976     0.39841415     0.01094561
 19  2.82743339               0.27863826     0.27118793     0.00745033
 20  2.98451302               0.14105576     0.13728416     0.00377160
 21  3.14159265               0.00000000     0.00000000     0.00000000
  1  0.00000000               0.00000000     0.00000000     0.00000000
  2  0.15707963               0.14105576     0.13728416     0.00377160
  3  0.31415927               0.27863826     0.27118793     0.00745033
  4  0.47123890               0.40935976     0.39841415     0.01094561
  5  0.62831853               0.53000146     0.51583009     0.01417137
  6  0.78539816               0.63759277     0.62054458     0.01704819
  7  0.94247780               0.72948443     0.70997921     0.01950522
  8  1.09955743               0.80341376     0.78193179     0.02148197
  9  1.25663706               0.85756038     0.83463061     0.02292976
 10  1.41371669               0.89059101     0.86677806     0.02381295
 11  1.57079633               0.90169234     0.87758256     0.02410978
 12  1.72787596               0.89059101     0.86677806     0.02381295
 13  1.88495559               0.85756038     0.83463061     0.02292976
 14  2.04203522               0.80341376     0.78193179     0.02148197
 15  2.19911486               0.72948443     0.70997921     0.01950522
 16  2.35619449               0.63759277     0.62054458     0.01704819
 17  2.51327412               0.53000146     0.51583009     0.01417137
 18  2.67035376               0.40935976     0.39841415     0.01094561
 19  2.82743339               0.27863826     0.27118793     0.00745033
 20  2.98451302               0.14105576     0.13728416     0.00377160
 21  3.14159265               0.00000000     0.00000000     0.00000000
  1  0.00000000               0.00000000     0.00000000     0.00000000
  2  0.15707963               0.14105576     0.13728416     0.00377160
  3  0.31415927               0.27863826     0.27118793     0.00745033
  4  0.47123890               0.40935976     0.39841415     0.01094561
  5  0.62831853               0.53000146     0.51583009     0.01417137
  6  0.78539816               0.63759277     0.62054458     0.01704819
  7  0.94247780               0.72948443     0.70997921     0.01950522
  8  1.09955743               0.80341376     0.78193179     0.02148197
  9  1.25663706               0.85756038     0.83463061     0.02292976
 10  1.41371669               0.89059101     0.86677806     0.02381295
 11  1.57079633               0.90169234     0.87758256     0.02410978
 12  1.72787596               0.89059101     0.86677806     0.02381295
 13  1.88495559               0.85756038     0.83463061     0.02292976
 14  2.04203522               0.80341376     0.78193179     0.02148197
 15  2.19911486               0.72948443     0.70997921     0.01950522
 16  2.35619449               0.63759277     0.62054458     0.01704819
 17  2.51327412               0.53000146     0.51583009     0.01417137
 18  2.67035376               0.40935976     0.39841415     0.01094561
 19  2.82743339               0.27863826     0.27118793     0.00745033
 20  2.98451302               0.14105576     0.13728416     0.00377160
 21  3.14159265               0.00000000     0.00000000     0.00000000
  1  0.00000000               0.00000000     0.00000000     0.00000000
  2  0.15707963               0.14105576     0.13728416     0.00377160
  3  0.31415927               0.27863826     0.27118793     0.00745033
  4  0.47123890               0.40935976     0.39841415     0.01094561
  5  0.62831853               0.53000146     0.51583009     0.01417137
  6  0.78539816               0.63759277     0.62054458     0.01704819
  7  0.94247780               0.72948443     0.70997921     0.01950522
  8  1.09955743               0.80341376     0.78193179     0.02148197
  9  1.25663706               0.85756038     0.83463061     0.02292976
 10  1.41371669               0.89059101     0.86677806     0.02381295
 11  1.57079633               0.90169234     0.87758256     0.02410978
 12  1.72787596               0.89059101     0.86677806     0.02381295
 13  1.88495559               0.85756038     0.83463061     0.02292976
 14  2.04203522               0.80341376     0.78193179     0.02148197
 15  2.19911486               0.72948443     0.70997921     0.01950522
 16  2.35619449               0.63759277     0.62054458     0.01704819
 17  2.51327412               0.53000146     0.51583009     0.01417137
 18  2.67035376               0.40935976     0.39841415     0.01094561
 19  2.82743339               0.27863826     0.27118793     0.00745033
 20  2.98451302               0.14105576     0.13728416     0.00377160
 21  3.14159265               0.00000000     0.00000000     0.00000000
  1  0.00000000               0.00000000     0.00000000     0.00000000
  2  0.15707963               0.14105576     0.13728416     0.00377160
  3  0.31415927               0.27863826     0.27118793     0.00745033
  4  0.47123890               0.40935976     0.39841415     0.01094561
  5  0.62831853               0.53000146     0.51583009     0.01417137
  6  0.78539816               0.63759277     0.62054458     0.01704819
  7  0.94247780               0.72948443     0.70997921     0.01950522
  8  1.09955743               0.80341376     0.78193179     0.02148197
  9  1.25663706               0.85756038     0.83463061     0.02292976
 10  1.41371669               0.89059101     0.86677806     0.02381295
 11  1.57079633               0.90169234     0.87758256     0.02410978
 12  1.72787596               0.89059101     0.86677806     0.02381295
 13  1.88495559               0.85756038     0.83463061     0.02292976
 14  2.04203522               0.80341376     0.78193179     0.02148197
 15  2.19911486               0.72948443     0.70997921     0.01950522
 16  2.35619449               0.63759277     0.62054458     0.01704819
 17  2.51327412               0.53000146     0.51583009     0.01417137
 18  2.67035376               0.40935976     0.39841415     0.01094561
 19  2.82743339               0.27863826     0.27118793     0.00745033
 20  2.98451302               0.14105576     0.13728416     0.00377160
 21  3.14159265               0.00000000     0.00000000     0.00000000
